1000
4 99 34
73 91 41
3 31 48
34 99 40
7 56 41
67 7 97
31 3 8
54 36 40
75 30 25
92 38 94
33 39 73
1 28 70
31 10 68
26 92 27
43 82 22
7 95 21
14 33 90
10 22 55
41 97 37
80 80 99
42 33 100
27 63 72
18 56 55
82 89 7
77 67 94
27 56 28
53 48 15
100 97 2
32 74 85
60 86 100
81 40 43
4 47 1
66 19 66
96 97 9
38 15 17
93 37 34
25 23 43
35 99 22
50 66 61
51 9 46
77 61 9
31 86 25
100 98 41
51 65 58
25 85 66
88 45 37
71 52 15
5 85 97
46 38 10
64 70 73
38 27 52
13 63 44
13 99 9
60 38 13
53 28 74
16 43 68
64 20 30
30 5 55
6 74 32
38 3 52
38 100 15
16 11 38
25 68 86
85 85 34
17 63 22
22 75 38
79 29 41
75 37 68
98 41 60
5 47 66
50 91 58
81 16 88
100 28 10
68 85 59
82 70 56
30 9 85
4 99 54
18 75 3
33 24 78
60 29 94
74 29 63
48 48 69
95 92 84
36 41 40
4 1 83
10 72 100
0 44 99
84 98 25
96 46 59
53 90 67
19 95 1
43 24 79
49 18 95
39 62 19
35 9 73
52 71 98
11 30 40
59 98 12
2 93 86
9 100 8
21 17 22
82 24 95
18 95 60
8 47 90
46 65 73
7 29 86
34 92 25
72 69 8
34 9 32
54 7 5
25 55 35
8 78 93
17 31 57
98 31 67
28 95 98
17 52 13
3 8 88
100 84 72
66 43 12
59 30 79
35 35 60
37 21 1
75 68 11
13 64 55
67 48 15
100 17 30
89 11 13
94 7 87
23 70 19
99 95 91
22 4 96
45 38 11
2 21 41
65 77 89
84 24 17
68 88 23
73 66 59
34 5 87
7 13 96
13 17 1
49 42 78
92 7 98
59 78 24
57 52 31
71 81 41
30 64 56
77 83 32
19 90 69
80 22 42
17 32 44
10 22 75
58 63 62
5 21 40
70 16 5
61 63 52
53 46 81
17 42 4
30 41 28
56 48 75
74 83 52
10 33 21
29 42 62
37 24 17
17 36 76
23 74 80
80 33 25
26 20 90
64 85 30
44 62 13
14 63 94
99 41 62
38 4 1
28 37 95
12 72 83
59 89 41
93 21 57
97 10 17
100 90 10
3 75 98
39 62 100
45 24 72
25 54 15
80 32 67
8 31 78
51 34 61
0 99 43
69 25 52
36 12 28
12 100 82
76 10 62
81 88 84
30 29 57
91 41 56
2 35 88
28 44 77
35 72 76
30 74 67
5 98 52
47 88 38
18 75 8
17 43 82
7 55 85
67 10 77
54 69 77
37 56 98
46 100 56
45 54 78
67 95 83
84 98 55
16 74 2
30 94 18
40 32 40
46 83 61
87 37 39
84 93 54
57 71 100
17 2 33
20 60 75
97 7 12
71 87 7
67 43 20
50 69 97
87 78 17
91 83 54
36 4 21
56 65 95
0 20 21
29 25 59
97 37 34
95 11 94
48 16 37
54 86 32
43 19 26
30 15 68
65 81 74
57 75 18
67 88 33
67 14 93
17 75 28
91 61 19
38 4 40
29 90 66
34 59 57
99 77 4
34 38 11
86 22 44
40 5 31
6 45 79
87 70 20
85 33 65
17 8 18
19 61 77
16 93 89
7 79 5
100 1 1
64 82 82
45 94 28
12 55 55
28 81 52
74 92 31
92 3 36
0 2 42
81 64 70
45 19 56
47 88 70
14 59 83
16 96 54
57 10 21
67 1 56
47 27 41
49 11 58
90 22 23
5 100 52
57 53 73
29 21 13
69 11 77
68 55 29
45 61 96
53 100 79
20 56 46
92 100 81
73 6 68
11 45 87
8 90 85
50 42 68
29 35 24
62 87 92
88 98 54
19 15 33
78 13 34
69 77 100
91 22 82
67 23 25
82 87 30
88 5 55
90 69 60
46 18 82
77 46 98
39 42 75
90 70 34
31 83 25
60 52 78
75 97 39
46 25 23
56 61 7
100 39 9
31 20 6
50 27 13
33 84 61
84 53 47
20 14 88
33 58 9
80 15 95
14 19 22
76 82 99
82 42 37
58 91 89
28 74 83
33 60 68
13 9 61
79 26 26
43 48 99
98 87 25
1 87 21
0 39 48
20 60 5
39 62 18
38 42 11
96 55 72
39 68 89
96 31 25
56 56 52
42 8 52
75 33 74
22 28 37
20 18 1
80 5 56
95 61 13
95 20 58
4 95 82
82 94 57
19 7 99
77 89 85
1 74 53
51 36 99
90 67 82
36 87 6
34 98 65
23 17 75
19 77 96
99 26 64
96 44 13
24 100 35
7 78 53
22 20 89
14 84 31
71 75 75
16 15 64
7 38 80
94 53 82
99 99 99
71 76 48
63 75 34
27 86 68
25 25 97
95 24 55
51 22 21
87 37 36
6 23 99
81 53 85
26 54 1
47 85 3
51 76 26
87 37 94
54 99 95
42 67 14
71 59 9
57 28 81
34 29 29
35 43 32
96 23 25
66 90 100
19 32 69
55 68 37
84 40 70
1 69 27
63 53 74
82 97 70
48 62 3
96 74 56
62 59 95
70 29 55
55 93 15
93 68 55
21 89 97
47 74 14
61 38 36
87 66 72
43 99 74
16 20 69
1 55 20
76 41 73
23 21 97
91 24 30
84 5 4
19 54 59
74 13 7
20 62 88
100 61 33
70 59 36
73 100 14
95 22 15
80 46 30
100 9 27
4 78 15
97 58 73
0 30 70
17 46 54
34 15 71
6 26 84
79 6 30
6 53 79
28 96 15
88 64 68
78 3 72
95 85 18
75 40 70
54 6 54
11 78 3
16 48 34
51 16 83
58 20 22
13 69 20
85 9 98
6 10 20
69 39 59
89 48 41
51 61 55
98 23 27
99 62 71
45 70 62
14 65 87
6 97 77
100 6 31
2 72 59
65 91 93
72 73 82
46 69 58
66 68 37
21 94 36
59 43 87
46 54 18
22 21 46
16 39 79
23 1 19
97 76 47
86 14 22
65 83 43
14 60 30
22 15 99
3 38 18
70 87 37
48 100 7
80 78 67
35 55 45
86 75 33
9 67 98
88 40 84
57 98 14
90 69 64
75 18 15
65 39 45
16 86 48
55 4 97
21 28 21
38 13 28
22 84 76
34 44 91
20 46 23
28 9 52
97 61 94
66 75 25
73 79 96
55 36 81
86 7 52
46 60 37
58 27 76
48 77 79
58 99 46
89 21 73
86 25 64
12 7 78
14 58 26
77 46 25
50 22 86
70 88 73
28 1 34
79 20 6
83 56 97
95 29 87
38 10 22
0 33 60
85 12 5
85 93 63
52 29 5
79 67 41
44 88 41
68 63 40
51 72 5
97 24 78
91 59 33
59 30 95
47 39 84
53 66 72
77 31 9
95 95 17
84 79 77
57 64 92
65 48 46
3 19 75
8 61 3
85 16 71
4 62 87
23 24 41
81 69 83
0 71 40
15 48 19
41 20 71
28 95 81
56 22 38
9 76 39
100 18 7
74 76 22
42 65 78
31 90 6
84 1 80
66 30 100
76 70 22
49 2 81
54 8 62
66 20 11
13 78 5
77 65 16
77 75 10
56 80 4
82 32 14
21 6 39
10 87 38
10 33 33
7 83 47
91 63 85
95 11 94
95 33 26
51 37 95
80 60 28
67 73 45
17 79 13
29 21 89
90 78 19
18 69 54
5 34 58
38 6 39
29 36 86
73 67 79
57 85 91
93 79 38
62 18 5
61 95 87
59 82 94
97 83 99
97 16 13
21 57 20
40 76 92
68 13 87
45 58 69
55 82 52
94 54 91
73 5 80
31 15 100
71 35 27
55 71 19
93 26 48
27 6 1
79 12 10
38 87 35
100 35 40
70 70 72
77 28 9
4 86 31
68 82 88
91 25 16
83 41 63
88 55 34
92 10 71
44 19 7
15 100 82
66 92 12
61 6 25
44 60 67
82 2 69
67 45 84
4 47 5
94 75 65
48 55 54
2 57 53
76 84 67
54 53 91
7 72 10
57 61 15
76 85 40
54 70 59
41 85 37
22 64 65
6 27 73
69 18 21
97 70 4
62 17 79
72 98 89
99 97 98
29 23 13
61 53 3
52 27 39
24 98 37
21 60 67
75 28 25
4 87 25
23 76 96
42 58 87
54 28 31
31 11 98
77 91 2
72 15 93
11 10 80
98 69 74
57 48 78
7 21 17
99 60 89
75 69 6
60 81 83
37 54 52
25 60 20
25 47 39
52 79 8
79 74 13
2 48 25
52 60 75
59 75 32
91 88 3
37 33 85
25 24 95
15 81 62
31 11 66
69 3 81
22 45 39
36 42 44
88 7 40
44 52 32
59 19 85
84 90 1
57 76 73
51 66 33
81 38 43
44 95 98
86 82 81
69 96 28
63 90 6
53 5 47
86 67 92
56 30 6
53 76 77
40 79 88
49 35 2
91 54 60
72 40 83
13 42 34
86 23 47
15 74 4
8 34 45
94 29 61
35 81 8
71 86 34
65 19 26
94 13 95
77 83 58
13 98 74
45 83 96
69 82 83
82 35 76
29 72 80
7 13 7
79 48 76
55 83 24
83 53 23
87 12 14
84 79 64
41 5 75
56 91 37
13 15 75
38 18 74
60 68 69
13 28 46
75 31 59
87 20 40
6 74 68
41 31 52
77 23 24
32 67 10
83 98 82
83 89 31
76 58 19
38 92 85
36 22 35
16 58 27
53 77 48
29 81 85
39 85 37
10 38 38
75 12 4
1 73 59
56 83 72
73 81 87
37 59 59
92 82 14
43 58 83
21 26 87
57 26 71
16 66 96
1 7 59
9 67 78
11 92 53
35 87 31
14 12 58
51 46 69
0 57 27
97 18 34
91 74 34
53 3 4
34 21 80
70 67 75
28 11 21
93 94 28
84 58 8
34 16 89
57 59 38
24 81 77
66 96 69
28 14 70
15 27 85
4 45 66
75 83 75
68 23 60
91 86 32
51 16 84
41 62 75
61 11 97
87 47 83
74 73 98
100 66 13
94 24 53
42 73 40
5 20 37
38 8 35
97 40 45
18 66 28
91 63 31
66 89 30
91 35 47
100 31 47
91 77 63
22 89 58
56 43 8
32 81 7
58 18 38
57 38 52
22 61 99
2 9 3
13 15 91
65 18 82
1 90 31
84 18 41
86 33 83
93 92 92
38 20 36
88 17 98
83 27 46
41 54 55
90 93 62
74 77 38
33 34 86
0 20 25
47 12 95
73 4 82
37 92 57
28 62 38
51 82 15
15 12 1
97 48 53
16 35 59
44 68 69
48 46 58
38 2 57
32 94 82
16 97 9
34 68 35
49 79 11
12 3 26
33 70 76
79 100 64
13 66 1
94 30 1
13 35 36
95 23 15
0 42 24
34 10 100
86 92 88
30 5 25
22 54 16
4 11 83
36 93 63
59 8 29
3 53 40
91 77 4
11 99 92
15 40 98
81 8 37
10 55 27
24 8 15
56 6 32
84 58 56
78 56 13
27 97 67
83 83 38
100 68 14
2 76 15
45 39 23
19 77 72
52 69 42
41 97 68
40 67 34
39 5 38
64 76 28
12 33 57
8 88 1
8 20 80
34 27 91
93 81 97
87 63 13
25 63 58
20 98 70
85 68 41
0 65 91
21 88 44
96 67 6
76 45 72
89 74 71
37 13 100
77 89 75
15 87 67
6 90 18
62 46 8
28 12 87
98 100 65
86 98 75
93 85 66
67 45 63
89 41 20
80 74 70
88 98 52
90 77 46
33 69 55
55 98 32
52 56 84
63 47 47
52 37 89
99 8 69
82 28 71
98 83 39
54 98 4
8 3 76
88 58 41
32 15 55
73 93 3
91 2 11
89 8 11
55 94 1
75 36 52
53 52 65
17 69 21
1 23 57
70 35 42
93 24 72
23 58 58
39 5 87
79 4 33
38 31 43
85 13 84
23 7 3
3 40 45
7 62 58
12 72 15
26 57 61
5 74 9
78 53 78
61 30 32
36 67 58
20 24 95
19 87 86
35 73 75
53 92 12
10 86 69
67 77 35
1 97 39
98 6 75
85 73 70
8 59 6
37 77 96
56 82 23
61 87 41
41 9 44
46 26 68
49 48 55
32 96 39
47 8 15
96 28 17
76 27 10
21 63 84
28 53 36
0 55 55
13 55 55
37 17 62
11 97 8
87 5 14
90 37 82
44 71 96
94 62 11
49 60 88
32 43 54
55 55 17
67 60 99
79 69 11
34 44 71
51 57 31
11 83 30
5 4 81
17 73 94
50 96 59
31 40 41
70 42 40
89 48 39
6 12 13
57 14 13
46 13 17
2 64 93
90 47 68
72 82 11
2 100 54
15 73 20
63 73 6
90 14 81
99 70 86
88 17 100
81 45 30
97 44 60
10 32 14
75 76 37
15 14 85
96 46 9
64 25 83
7 84 93
24 24 77
37 62 67
2 47 93
42 62 90
34 64 3
13 45 52
43 72 63
35 62 33
18 22 25
52 68 7
20 94 40
90 16 86
82 47 30
29 94 95
61 9 64
8 64 34
66 96 69
16 79 40
54 73 68
32 14 83
49 78 52
10 34 82
32 77 66
70 100 38
84 48 1
0 54 4
84 32 46
63 4 15
13 64 42
85 85 71
85 84 21
